1 2 4 8 16 32 64 128 256 512 1024 
l=2
1.0 12.0 112.0 961.0 7945.0 64585.0 520777.0 4182601.0 3.3526344E7 2.68472896E8 -2.14613542E9 
l=3
1.0 12.0 112.0 960.0 7937.0 64521.0 520265.0 4178505.0 3.3493576E7 2.68210768E8 2.14673472E9 
l=4
1.0 12.0 112.0 960.0 7936.0 64513.0 520201.0 4177993.0 3.348948E7 2.68178E8 2.14647258E9 
l=5
1.0 12.0 112.0 960.0 7936.0 64512.0 520193.0 4177929.0 3.3488968E7 2.68173904E8 2.14643981E9 
l=6
1.0 12.0 112.0 960.0 7936.0 64512.0 520192.0 4177921.0 3.3488904E7 2.68173392E8 2.14643571E9 
l=7
1.0 12.0 112.0 960.0 7936.0 64512.0 520192.0 4177920.0 3.3488896E7 2.68173328E8 2.1464352E9 
l=8
1.0 12.0 112.0 960.0 7936.0 64512.0 520192.0 4177920.0 3.3488896E7 2.68173312E8 2.14643507E9 
l=9
1.0 12.0 112.0 960.0 7936.0 64512.0 520192.0 4177920.0 3.3488896E7 2.68173312E8 2.14643507E9 
l=10
1.0 12.0 112.0 960.0 7936.0 64512.0 520192.0 4177920.0 3.3488896E7 2.68173312E8 2.14643507E9 
