1 2 4 8 16 32 64 128 256 512 1024 
l=2
1 12 112 961 7945 64585 520777 4182601 33526345 268472905 2146935479 
l=3
1 12 112 960 7937 64521 520265 4178505 33493577 268210761 2146734665 
l=4
1 12 112 960 7936 64513 520201 4177993 33489481 268177993 2146472521 
l=5
1 12 112 960 7936 64512 520193 4177929 33488969 268173897 2146439753 
l=6
1 12 112 960 7936 64512 520192 4177921 33488905 268173385 2146435657 
l=7
1 12 112 960 7936 64512 520192 4177920 33488897 268173321 2146435145 
l=8
1 12 112 960 7936 64512 520192 4177920 33488896 268173313 2146435081 
l=9
1 12 112 960 7936 64512 520192 4177920 33488896 268173312 2146435073 
l=10
1 12 112 960 7936 64512 520192 4177920 33488896 268173312 2146435072 
